model:
    name:           ICDSC 2010

    boundary_padding:       20.0
    res_min_ideal:          3.0
    res_min_acceptable:     0.5
    blur_max_acceptable:    7.7419
    angle_max_ideal:        1.3

    cameras:
        - name:         C1
          sprites:      [cameras/prosilicaec1350.yaml, lenses/computarm3z1228cmp.yaml]
          A:            4.4765
          f:            12.5341
          s:            0.00465
          o:            [760.1805, 495.1859]
          dim:          [1360, 1024]
          zS:           1216.1
          pose:
              T:            [-659.316429, -8.937713, 1004.582521]
              R:            [[-0.008148, -0.830673, 0.556701], [-0.999858, -0.001434, -0.016774], [0.014732, -0.556758, -0.830544]]
              Rformat:      matrix
        - name:         C2
          sprites:      [cameras/prosilicaec1350.yaml, lenses/computarm3z1228cmp.yaml]
          A:            4.4765
          f:            12.5341
          s:            0.00465
          o:            [760.1805, 495.1859]
          dim:          [1360, 1024]
          zS:           1216.1
          pose:
              T:            [554.859063, 117.841708, 970.273907]
              R:            [[-0.151428, 0.873322, -0.463011], [ 0.988033, 0.119831, -0.097113], [-0.029328, -0.472176, -0.881016]]
              Rformat:      matrix
        - name:         C3
          sprites:      [cameras/prosilicaec1350.yaml, lenses/computarm3z1228cmp.yaml]
          A:            4.4765
          f:            12.5341
          s:            0.00465
          o:            [760.1805, 495.1859]
          dim:          [1360, 1024]
          zS:           1216.1
          pose:
              T:            [37.573609, -400.834534, 957.359055]
              R:            [[0.999188, -0.018387, 0.035842], [-0.029862, -0.935259, 0.352701], [0.027037, -0.353485, -0.935049]]
              Rformat:      matrix
        - name:         C4
          sprites:      [cameras/prosilicaec1350.yaml, lenses/computarm3z1228cmp.yaml]
          A:            4.4765
          f:            12.5341
          s:            0.00465
          o:            [760.1805, 495.1859]
          dim:          [1360, 1024]
          zS:           1216.1
          pose:
              T:            [-160.635761, 439.049497, 965.062584]
              R:            [[-0.91358, -0.367485, 0.174143], [-0.406285, 0.843168, -0.352138], [-0.017426, -0.392458, -0.919605]]
              Rformat:      matrix
        - name:         C5
          sprites:      [cameras/prosilicaec1350.yaml, lenses/computarm3z1228cmp.yaml]
          A:            4.4765
          f:            12.5341
          s:            0.00465
          o:            [760.1805, 495.1859]
          dim:          [1360, 1024]
          zS:           1216.1
          pose:
              T:            [-645.004384, -350.085156, 952.506221]
              R:            [[0.558915, -0.68161, 0.472252], [-0.827985, -0.427598, 0.362769], [-0.045333, -0.593774, -0.803354]]
              Rformat:      matrix
        - name:         C6
          sprites:      [cameras/prosilicaec1350.yaml, lenses/computarm3z1228cmp.yaml]
          A:            4.4765
          f:            12.5341
          s:            0.00465
          o:            [760.1805, 495.1859]
          dim:          [1360, 1024]
          zS:           1216.1
          pose:
              T:            [536.435601, 356.804195, 987.459355]
              R:            [[-0.601332, 0.67475, -0.427916], [0.797152, 0.543048, -0.263909], [0.054306, -0.499811, -0.86443]]
              Rformat:      matrix

    scene:
        - name:         VisionPlatform
          sprites:      [scene/visionplatform.yaml]
          pose:
              T:            [1850, 435, -640]
              R:            [0, 0, 180]
              Rformat:      euler-zyx-deg
        - name:         boxtopa
          vertices:
            - [-150, -100, 0]
            - [150, -100, 0]
            - [150, 100, 0]
        - name:         boxtopb
          vertices:
            - [150, 100, 0]
            - [-150, 100, 0]
            - [-150, -100, 0]
        - name:         boxfronta
          vertices:
            - [-150, -100, -100]
            - [-150, 100, -100]
            - [-150, 100, 0]
        - name:         boxfrontb
          vertices:
            - [-150, 100, 0]
            - [-150, -100, 0]
            - [-150, -100, -100]
        - name:         boxbacka
          vertices:
            - [150, -100, -100]
            - [150, 100, -100]
            - [150, 100, 0]
        - name:         boxbackb
          vertices:
            - [150, 100, 0]
            - [150, -100, 0]
            - [150, -100, -100]
        - name:         boxlefta
          vertices:
            - [-150, -100, -100]
            - [150, -100, -100]
            - [150, -100, 0]
        - name:         boxleftb
          vertices:
            - [150, -100, 0]
            - [-150, -100, 0]
            - [-150, -100, -100]
        - name:         boxrighta
          vertices:
            - [-150, 100, -100]
            - [150, 100, -100]
            - [150, 100, 0]
        - name:         boxrightb
          vertices:
            - [150, 100, 0]
            - [-150, 100, 0]
            - [-150, 100, -100]
        - name:         Checkerboard
          sprites:      [scene/checkerboard.yaml] 

relevance:
    - name:         main
      step:         100
      ranges:
        - x:        [-400, 400]
          y:        [-400, 400]
          z:        [0, 500]
        - x:        [-400, -150]
          y:        [-400, 400]
          z:        [-100, 0]
        - x:        [150, 400]
          y:        [-400, 400]
          z:        [-100, 0]
        - x:        [-400, 400]
          y:        [-400, -100]
          z:        [-100, 0]
        - x:        [-400, 400]
          y:        [100, 400]
          z:        [-100, 0]
